Time to generate network of 10 nodes and 70 edges: 0.0
Direct cost from 0 to 9: inf
-- Heap --
Path: [0, 8, 9]
Cost: 1.2227913715186098
Time: 0.0
-- Array --
Path: [0, 8, 9]
Cost: 1.2227913715186098
Time: 0.0

Time to generate network of 1000 nodes and 10000 edges: 0.0254
Direct cost from 2 to 9: inf
-- Heap --
Path: [2, 326, 50, 46, 818, 173, 9]
Cost: 3.3735905405715876
Time: 0.014436960220336914
-- Array --
Path: [2, 326, 50, 46, 818, 173, 9]
Cost: 3.3735905405715876
Time: 0.030214309692382812

Time to generate network of 5000 nodes and 50000 edges: 0.0877
Direct cost from 2 to 9: inf
-- Heap --
Path: [2, 3818, 359, 2351, 9]
Cost: 2.9292720998892716
Time: 0.09661436080932617
-- Array --
Path: [2, 3818, 359, 2351, 9]
Cost: 2.9292720998892716
Time: 0.8607325553894043

Time to generate network of 10000 nodes and 100000 edges: 0.1664
Direct cost from 2 to 9: inf
-- Heap --
Path: [2, 51, 871, 6495, 2778, 9863, 7360, 249, 2744, 9]
Cost: 2.7537181619395517
Time: 0.22606492042541504
-- Array --
Path: [2, 51, 871, 6495, 2778, 9863, 7360, 249, 2744, 9]
Cost: 2.7537181619395517
Time: 3.573680877685547

Time to generate network of 50000 nodes and 500000 edges: 0.8645
Direct cost from 2 to 9: inf
-- Heap --
Path: [2, 16081, 42830, 45309, 16366, 14916, 11740, 30908, 25434, 39186, 9]
Cost: 3.0964224217868086
Time: 1.450420618057251
-- Array --
Path: [2, 16081, 42830, 45309, 16366, 14916, 11740, 30908, 25434, 39186, 9]
Cost: 3.0964224217868086
Time: 137.56661462783813

Time to generate network of 100000 nodes and 1000000 edges: 1.8625
Direct cost from 2 to 9: inf
-- Heap --
Path: [2, 85585, 18269, 46827, 92300, 894, 89805, 73643, 9]
Cost: 3.620969058641702
Time: 3.3227875232696533
-- Array --
Path: [2, 85585, 18269, 46827, 92300, 894, 89805, 73643, 9]
Cost: 3.620969058641702
Time: 651.8012745380402



Time to generate network of 1000 nodes and 999000 edges: 1.3209
Direct cost from 2 to 9: 1.8927960639801613
-- Heap --
Path: [2, 698, 432, 143, 209, 233, 52, 635, 66, 425, 540, 927, 761, 687, 98, 431, 977, 304, 819, 82, 317, 154, 315, 855, 9]     
Cost: 1.4065676594443435
Time: 0.14848923683166504
-- Array --
Path: [2, 698, 432, 143, 209, 233, 52, 635, 66, 425, 540, 927, 761, 687, 98, 431, 977, 304, 819, 82, 317, 154, 315, 855, 9]     
Cost: 1.4065676594443435
Time: 0.13945865631103516

Time to generate network of 2000 nodes and 3998000 edges: 4.7406
Direct cost from 2 to 9: 1.902697491562111
-- Heap --
Path: [2, 1449, 440, 698, 1767, 1924, 209, 233, 213, 751, 52, 557, 1905, 371, 972, 1162, 1304, 258, 220, 192, 142, 308, 1395, 709, 533, 685, 1604, 1527, 240, 1437, 101, 1641, 317, 279, 1821, 885, 1376, 855, 9]
Cost: 1.1417751456931204
Time: 0.5489184856414795
-- Array --
Path: [2, 1449, 440, 698, 1767, 1924, 209, 233, 213, 751, 52, 557, 1905, 371, 972, 1162, 1304, 258, 220, 192, 142, 308, 1395, 709, 533, 685, 1604, 1527, 240, 1437, 101, 1641, 317, 279, 1821, 885, 1376, 855, 9]
Cost: 1.1417751456931204
Time: 0.5637931823730469

Time to generate network of 3000 nodes and 8997000 edges: 11.3214
Direct cost from 2 to 9: 1.8304662540834606
-- Heap --
Path: [2, 2715, 2403, 1705, 698, 1767, 2343, 2149, 19, 973, 823, 2231, 734, 2353, 255, 2868, 1891, 205, 2826, 377, 2567, 2851, 1951, 2729, 669, 2157, 2165, 939, 1392, 1658, 1630, 598, 2076, 385, 1966, 1870, 1078, 2051, 2260, 2170, 2982, 1122, 1998, 2006, 368, 1478, 2559, 1258, 1656, 907, 249, 2979, 315, 375, 2843, 1802, 1088, 1321, 1592, 9]
Cost: 0.8981926434254796
Time: 1.3555355072021484
-- Array --
Path: [2, 2715, 2403, 1705, 698, 1767, 2343, 2149, 19, 973, 823, 2231, 734, 2353, 255, 2868, 1891, 205, 2826, 377, 2567, 2851, 1951, 2729, 669, 2157, 2165, 939, 1392, 1658, 1630, 598, 2076, 385, 1966, 1870, 1078, 2051, 2260, 2170, 2982, 1122, 1998, 2006, 368, 1478, 2559, 1258, 1656, 907, 249, 2979, 315, 375, 2843, 1802, 1088, 1321, 1592, 9]
Cost: 0.8981926434254796
Time: 1.4104468822479248

Time to generate network of 4000 nodes and 15996000 edges: 19.3027
Direct cost from 2 to 9: 1.8595633018566533
-- Heap --
Path: [2, 2715, 1759, 3886, 1705, 1767, 2343, 76, 2284, 3661, 1477, 2432, 2540, 2938, 2434, 886, 302, 2275, 86, 3550, 2930, 3098, 1368, 1702, 2896, 919, 3276, 1861, 3036, 3740, 2826, 2515, 2851, 1355, 2313, 3119, 2735, 132, 999, 1658, 1847, 3125, 1582, 2874, 139, 3356, 1130, 808, 764, 2525, 65, 1287, 2132, 624, 3436, 733, 2596, 3022, 1907, 1673, 1786, 2463, 3237, 3743, 2347, 3597, 3417, 3643, 774, 2338, 3714, 1042, 1393, 2975, 2979, 2843, 9]
Cost: 0.6764076920795622
Time: 2.791396379470825
-- Array --
Path: [2, 2715, 1759, 3886, 1705, 1767, 2343, 76, 2284, 3661, 1477, 2432, 2540, 2938, 2434, 886, 302, 2275, 86, 3550, 2930, 3098, 1368, 1702, 2896, 919, 3276, 1861, 3036, 3740, 2826, 2515, 2851, 1355, 2313, 3119, 2735, 132, 999, 1658, 1847, 3125, 1582, 2874, 139, 3356, 1130, 808, 764, 2525, 65, 1287, 2132, 624, 3436, 733, 2596, 3022, 1907, 1673, 1786, 2463, 3237, 3743, 2347, 3597, 3417, 3643, 774, 2338, 3714, 1042, 1393, 2975, 2979, 2843, 9]
Cost: 0.6764076920795622
Time: 2.896109104156494

Time to generate network of 5000 nodes and 24995000 edges: 30.2534
Direct cost from 2 to 9: 1.9375186269572815
-- Heap --
Path: [2, 391, 3886, 3650, 1705, 698, 4663, 4115, 2408, 3946, 2101, 737, 2248, 1206, 4866, 135, 751, 52, 4345, 1905, 4232, 2016, 3089, 1304, 697, 4620, 148, 3322, 4463, 1782, 3943, 357, 1724, 540, 3726, 1080, 1149, 4562, 2946, 1633, 4072, 563, 3545, 1571, 4044, 4568, 3148, 254, 782, 4960, 4314, 1395, 4774, 1881, 3038, 2518, 4686, 938, 1051, 4449, 1117, 4723, 2260, 419, 83, 987, 3273, 1556, 4144, 368, 1478, 729, 2544, 2891, 4756, 1258, 2346, 1656, 907, 4119, 3267, 1393, 3231, 2883, 2975, 249, 2979, 3590, 3915, 4525, 2258, 4781, 1635, 3266, 4152, 2645, 696, 3233, 3830, 9]
Cost: 0.5135795085481434
Time: 4.570641279220581
-- Array --
Path: [2, 391, 3886, 3650, 1705, 698, 4663, 4115, 2408, 3946, 2101, 737, 2248, 1206, 4866, 135, 751, 52, 4345, 1905, 4232, 2016, 3089, 1304, 697, 4620, 148, 3322, 4463, 1782, 3943, 357, 1724, 540, 3726, 1080, 1149, 4562, 2946, 1633, 4072, 563, 3545, 1571, 4044, 4568, 3148, 254, 782, 4960, 4314, 1395, 4774, 1881, 3038, 2518, 4686, 938, 1051, 4449, 1117, 4723, 2260, 419, 83, 987, 3273, 1556, 4144, 368, 1478, 729, 2544, 2891, 4756, 1258, 2346, 1656, 907, 4119, 3267, 1393, 3231, 2883, 2975, 249, 2979, 3590, 3915, 4525, 2258, 4781, 1635, 3266, 4152, 2645, 696, 3233, 3830, 9]
Cost: 0.5135795085481434
Time: 4.873635292053223

Time to generate network of 6000 nodes and 35994000 edges: 45.2699
Direct cost from 2 to 9: 1.9128774618214952
-- Heap --
Path: [2, 3095, 1495, 440, 5602, 5828, 4257, 2496, 4206, 1924, 5031, 2149, 2819, 2284, 5354, 3999, 963, 956, 19, 973, 1229, 4438, 2394, 5855, 2540, 2432, 2434, 2937, 365, 5905, 3358, 1368, 3368, 5743, 5129, 5019, 5006, 2896, 2002, 3610, 465, 2515, 5044, 1492, 1204, 4069, 2851, 1951, 3232, 1355, 5516, 5126, 5921, 2313, 4049, 5372, 124, 2762, 2874, 139, 4417, 731, 5066, 509, 4838, 1918, 5671, 2867, 385, 585, 1870, 5571, 4401, 2260, 419, 5082, 83, 5098, 5214, 4278, 5228, 5655, 5014, 3775, 1689, 3160, 2338, 2810, 5464, 2883, 5814, 2979, 5335, 5634, 3630, 4525, 4440, 1802, 717, 1321, 1300, 855, 9]
Cost: 0.3640127720443179
Time: 12.516038417816162
-- Array --
Path: [2, 3095, 1495, 440, 5602, 5828, 4257, 2496, 4206, 1924, 5031, 2149, 2819, 2284, 5354, 3999, 963, 956, 19, 973, 1229, 4438, 2394, 5855, 2540, 2432, 2434, 2937, 365, 5905, 3358, 1368, 3368, 5743, 5129, 5019, 5006, 2896, 2002, 3610, 465, 2515, 5044, 1492, 1204, 4069, 2851, 1951, 3232, 1355, 5516, 5126, 5921, 2313, 4049, 5372, 124, 2762, 2874, 139, 4417, 731, 5066, 509, 4838, 1918, 5671, 2867, 385, 585, 1870, 5571, 4401, 2260, 419, 5082, 83, 5098, 5214, 4278, 5228, 5655, 5014, 3775, 1689, 3160, 2338, 2810, 5464, 2883, 5814, 2979, 5335, 5634, 3630, 4525, 4440, 1802, 717, 1321, 1300, 855, 9]
Cost: 0.3640127720443179
Time: 7.322871923446655